SM:2021-06-18T14:20:36.0000000Z
LM:2021-07-16T03:03:38.3730400Z
CT:image/jpeg
MA:604800
CL:128773
