SM:2021-06-18T14:20:36.0000000Z
LM:2021-12-28T17:10:29.8688382Z
CT:image/jpeg
MA:604800
CL:66911
