SM:2021-06-18T14:20:36.0000000Z
LM:2021-07-09T17:21:51.0943297Z
CT:image/jpeg
MA:604800
CL:128773
