SM:2021-07-09T16:32:48.0000000Z
LM:2021-10-05T01:59:43.9474214Z
CT:image/jpeg
MA:604800
CL:22068
