SM:2021-06-18T14:20:36.0000000Z
LM:2021-10-05T01:59:38.7317874Z
CT:image/jpeg
MA:604800
CL:111403
