SM:2021-07-09T15:59:16.0000000Z
LM:2021-07-09T16:03:31.0382298Z
CT:image/jpeg
MA:604800
CL:29000
