SM:2021-07-09T16:32:48.0000000Z
LM:2021-07-16T03:04:46.7598156Z
CT:image/jpeg
MA:604800
CL:22068
