SM:2021-07-09T16:32:48.0000000Z
LM:2021-07-09T16:32:47.6787113Z
CT:image/jpeg
MA:604800
CL:22068
