SM:2021-06-18T14:20:36.0000000Z
LM:2021-07-14T15:48:25.8706640Z
CT:image/jpeg
MA:604800
CL:67173
